lambda 				Ln-Likelihood
0.01	     			-2964.5346714781035
0.010981963927855712	     			-2964.446894070474
0.011963927855711423	     			-2964.367144027597
0.012945891783567136	     			-2964.294153420774
0.013927855711422847	     			-2964.226932862559
0.014909819639278558	     			-2964.1646954568578
0.01589178356713427	     			-2964.1068050536232
0.01687374749498998	     			-2964.0527400445826
0.017855711422845692	     			-2964.0020674149214
0.018837675350701404	     			-2963.9544237506952
0.019819639278557115	     			-2963.9095010779038
0.020801603206412826	     			-2963.867036129368
0.021783567134268537	     			-2963.82680208954
0.02276553106212425	     			-2963.788602160947
0.02374749498997996	     			-2963.752264490226
0.02472945891783567	     			-2963.717638122897
0.025711422845691383	     			-2963.6845897463136
0.026693386773547094	     			-2963.653001043396
0.027675350701402805	     			-2963.6227665246543
0.028657314629258517	     			-2963.5937917383767
0.029639278557114228	     			-2963.565991782487
0.03062124248496994	     			-2963.5392900590386
0.03160320641282565	     			-2963.513617225369
0.03258517034068136	     			-2963.4889103057917
0.03356713426853708	     			-2963.4651119352075
0.03454909819639279	     			-2963.44216971181
0.0355310621242485	     			-2963.4200356405263
0.036513026052104214	     			-2963.398665652348
0.037494989979959925	     			-2963.3780191874607
0.038476953907815636	     			-2963.35805883228
0.03945891783567135	     			-2963.33875000223
0.04044088176352706	     			-2963.320060663523
0.04142284569138277	     			-2963.3019610883216
0.04240480961923848	     			-2963.2844236385927
0.04338677354709419	     			-2963.267422574701
0.044368737474949904	     			-2963.250933885436
0.045350701402805615	     			-2963.2349351366383
0.04633266533066133	     			-2963.2194053360467
0.04731462925851704	     			-2963.204324812321
0.04829659318637275	     			-2963.1896751064887
0.04927855711422846	     			-2963.1754388743243
0.05026052104208417	     			-2963.161599798355
0.05124248496993988	     			-2963.1481425083834
0.052224448897795595	     			-2963.135052509557
0.053206412825651306	     			-2963.122316117133
0.05418837675350702	     			-2963.1099203972135
0.05517034068136273	     			-2963.0978531128007
0.05615230460921844	     			-2963.0861026746134
0.05713426853707416	     			-2963.074658096165
0.05811623246492987	     			-2963.0635089526704
0.05909819639278558	     			-2963.0526453433968
0.06008016032064129	     			-2963.0420578571166
0.061062124248497	     			-2963.0317375403606
0.062044088176352714	     			-2963.0216758682036
0.06302605210420842	     			-2963.011864717346
0.06400801603206413	     			-2963.0022963412725
0.06498997995991984	     			-2962.9929633473075
0.06597194388777555	     			-2962.983858675385
0.06695390781563126	     			-2962.9749755783923
0.06793587174348698	     			-2962.9663076039415
0.06891783567134269	     			-2962.957848577451
0.0698997995991984	     			-2962.9495925864217
0.07088176352705411	     			-2962.941533965812
0.07186372745490982	     			-2962.9336672844197
0.07284569138276553	     			-2962.9259873321844
0.07382765531062124	     			-2962.9184891083437
0.07480961923847695	     			-2962.9111678103714
0.07579158316633267	     			-2962.904018823635
0.07677354709418838	     			-2962.89703771172
0.07775551102204409	     			-2962.89022020737
0.0787374749498998	     			-2962.883562203996
0.07971943887775551	     			-2962.877059747708
0.08070140280561122	     			-2962.8707090298376
0.08168336673346693	     			-2962.8645063799136
0.08266533066132264	     			-2962.8584482590545
0.08364729458917836	     			-2962.852531253753
0.08462925851703407	     			-2962.8467520700233
0.08561122244488978	     			-2962.8411075278846
0.08659318637274549	     			-2962.83559455616
0.0875751503006012	     			-2962.8302101875693
0.08855711422845691	     			-2962.824951554095
0.08953907815631262	     			-2962.819815882604
0.09052104208416833	     			-2962.8148004907057
0.09150300601202405	     			-2962.8099027828375
0.09248496993987976	     			-2962.8051202465576
0.09346693386773547	     			-2962.8004504490314
0.09444889779559118	     			-2962.795891033705
0.09543086172344689	     			-2962.791439717149
0.0964128256513026	     			-2962.7870942860636
0.09739478957915831	     			-2962.7828525944356
0.09837675350701403	     			-2962.7787125608393
0.09935871743486974	     			-2962.774672165869
0.10034068136272545	     			-2962.770729449702
0.10132264529058116	     			-2962.766882509772
0.10230460921843687	     			-2962.763129498567
0.10328657314629258	     			-2962.7594686215207
0.10426853707414831	     			-2962.75589813501
0.10525050100200402	     			-2962.7524163444446
0.10623246492985973	     			-2962.7490216024466
0.10721442885771544	     			-2962.7457123071113
0.10819639278557115	     			-2962.7424869003503
0.10917835671342686	     			-2962.7393438663066
0.11016032064128257	     			-2962.736281729842
0.11114228456913829	     			-2962.7332990550944
0.112124248496994	     			-2962.730394444091
0.11310621242484971	     			-2962.7275665354314
0.11408817635270542	     			-2962.72481400302
0.11507014028056113	     			-2962.7221355548577
0.11605210420841684	     			-2962.71952993188
0.11703406813627255	     			-2962.7169959068506
0.11801603206412827	     			-2962.7145322832953
0.11899799599198398	     			-2962.7121378944835
0.11997995991983969	     			-2962.709811602449
0.1209619238476954	     			-2962.7075522970536
0.12194388777555111	     			-2962.705358895087
0.12292585170340682	     			-2962.7032303394017
0.12390781563126253	     			-2962.701165598084
0.12488977955911824	     			-2962.6991636636594
0.12587174348697397	     			-2962.6972235523226
0.12685370741482968	     			-2962.695344303206
0.1278356713426854	     			-2962.6935249776693
0.1288176352705411	     			-2962.691764658621
0.12979959919839681	     			-2962.6900624498626
0.13078156312625253	     			-2962.6884174754596
0.13176352705410824	     			-2962.686828879134
0.13274549098196395	     			-2962.685295823682
0.13372745490981966	     			-2962.6838174904105
0.13470941883767537	     			-2962.6823930785963
0.13569138276553108	     			-2962.6810218049627
0.1366733466933868	     			-2962.679702903178
0.1376553106212425	     			-2962.678435623369
0.13863727454909822	     			-2962.6772192316525
0.13961923847695393	     			-2962.6760530096867
0.14060120240480964	     			-2962.674936254232
0.14158316633266535	     			-2962.6738682767327
0.14256513026052106	     			-2962.67284840291
0.14354709418837677	     			-2962.671875972371
0.14452905811623248	     			-2962.6709503382294
0.1455110220440882	     			-2962.6700708667395
0.1464929859719439	     			-2962.669236936943
0.14747494989979962	     			-2962.6684479403275
0.14845691382765533	     			-2962.667703280495
0.14943887775551104	     			-2962.6670023728443
0.15042084168336675	     			-2962.6663446442603
0.15140280561122246	     			-2962.6657295328155
0.15238476953907817	     			-2962.6651564874815
0.15336673346693389	     			-2962.664624967847
0.1543486973947896	     			-2962.664134443849
0.1553306613226453	     			-2962.66368439551
0.15631262525050102	     			-2962.6632743126806
0.15729458917835673	     			-2962.6629036947984
0.15827655310621244	     			-2962.662572050646
0.15925851703406815	     			-2962.6622788981194
0.16024048096192386	     			-2962.6620237640063
0.16122244488977958	     			-2962.6618061837676
0.1622044088176353	     			-2962.661625701325
0.163186372745491	     			-2962.661481868861
0.1641683366733467	     			-2962.661374246616
0.16515030060120242	     			-2962.661302402699
0.16613226452905813	     			-2962.6612659129
0.16711422845691384	     			-2962.66126436051
0.16809619238476955	     			-2962.661297336142
0.16907815631262527	     			-2962.661364437565
0.17006012024048098	     			-2962.6614652695357
0.1710420841683367	     			-2962.6615994436365
0.1720240480961924	     			-2962.661766578122
0.1730060120240481	     			-2962.661966297764
0.17398797595190382	     			-2962.662198233707
0.17496993987975953	     			-2962.662462023323
0.17595190380761525	     			-2962.662757310072
0.17693386773547096	     			-2962.6630837433663
0.17791583166332667	     			-2962.663440978441
0.17889779559118238	     			-2962.663828676223
0.1798797595190381	     			-2962.664246503207
0.1808617234468938	     			-2962.6646941313356
0.1818436873747495	     			-2962.66517123788
0.18282565130260522	     			-2962.665677505325
0.18380761523046094	     			-2962.66621262126
0.18478957915831665	     			-2962.666776278266
0.18577154308617236	     			-2962.6673681738125
0.18675350701402807	     			-2962.6679880101537
0.18773547094188378	     			-2962.668635494229
0.1887174348697395	     			-2962.6693103375637
0.1896993987975952	     			-2962.6700122561747
0.19068136272545091	     			-2962.6707409704777
0.19166332665330663	     			-2962.671496205197
0.19264529058116234	     			-2962.672277689276
0.19362725450901805	     			-2962.673085155795
0.19460921843687376	     			-2962.673918341882
0.19559118236472947	     			-2962.6747769886365
0.19657314629258518	     			-2962.6756608410465
0.1975551102204409	     			-2962.6765696479124
0.19853707414829663	     			-2962.677503161772
0.19951903807615234	     			-2962.678461138825
0.20050100200400806	     			-2962.6794433388613
0.20148296593186377	     			-2962.680449525194
0.20246492985971948	     			-2962.6814794645857
0.2034468937875752	     			-2962.6825329271865
0.2044288577154309	     			-2962.6836096864654
0.2054108216432866	     			-2962.6847095191483
0.20639278557114232	     			-2962.685832205156
0.20737474949899803	     			-2962.686977527543
0.20835671342685375	     			-2962.6881452724383
0.20933867735470946	     			-2962.689335228987
0.21032064128256517	     			-2962.690547189296
0.21130260521042088	     			-2962.6917809483753
0.2122845691382766	     			-2962.6930363040883
0.2132665330661323	     			-2962.6943130570958
0.214248496993988	     			-2962.695611010806
0.21523046092184372	     			-2962.6969299713232
0.21621242484969944	     			-2962.6982697474023
0.21719438877755515	     			-2962.6996301503946
0.21817635270541086	     			-2962.7010109942066
0.21915831663326657	     			-2962.702412095251
0.22014028056112228	     			-2962.7038332724032
0.221122244488978	     			-2962.7052743469567
0.2221042084168337	     			-2962.7067351425803
0.22308617234468942	     			-2962.7082154852774
0.22406813627254513	     			-2962.709715203343
0.22505010020040084	     			-2962.711234127325
0.22603206412825655	     			-2962.712772089985
0.22701402805611226	     			-2962.7143289262585
0.22799599198396797	     			-2962.7159044732193
0.22897795591182368	     			-2962.7174985700417
0.2299599198396794	     			-2962.7191110579647
0.2309418837675351	     			-2962.720741780256
0.23192384769539082	     			-2962.7223905821793
0.23290581162324653	     			-2962.72405731096
0.23388777555110224	     			-2962.7257418157496
0.23486973947895795	     			-2962.7274439475977
0.23585170340681366	     			-2962.7291635594183
0.23683366733466937	     			-2962.7309005059574
0.23781563126252508	     			-2962.7326546437653
0.2387975951903808	     			-2962.734425831164
0.2397795591182365	     			-2962.7362139282222
0.24076152304609222	     			-2962.7380187967215
0.24174348697394793	     			-2962.7398403001334
0.24272545090180364	     			-2962.7416783035887
0.24370741482965935	     			-2962.7435326738523
0.24468937875751506	     			-2962.7454032792957
0.24567134268537077	     			-2962.7472899898726
0.2466533066132265	     			-2962.7491926770927
0.2476352705410822	     			-2962.7511112139973
0.2486172344689379	     			-2962.753045475136
0.24959919839679362	     			-2962.7549953365397
0.25058116232464933	     			-2962.756960675702
0.25156312625250504	     			-2962.758941371552
0.25254509018036075	     			-2962.760937304435
0.25352705410821647	     			-2962.76294835609
0.2545090180360722	     			-2962.7649744096248
0.2554909819639279	     			-2962.7670153495005
0.2564729458917836	     			-2962.7690710615066
0.2574549098196393	     			-2962.7711414327414
0.258436873747495	     			-2962.7732263515936
0.25941883767535073	     			-2962.7753257077215
0.26040080160320644	     			-2962.777439392034
0.26138276553106216	     			-2962.7795672966713
0.26236472945891787	     			-2962.7817093149874
0.2633466933867736	     			-2962.7838653415324
0.2643286573146293	     			-2962.7860352720318
0.265310621242485	     			-2962.7882190033724
0.2662925851703407	     			-2962.790416433584
0.2672745490981964	     			-2962.792627461822
0.26825651302605213	     			-2962.7948519883507
0.26923847695390785	     			-2962.797089914529
0.27022044088176356	     			-2962.799341142792
0.27120240480961927	     			-2962.8016055766366
0.272184368737475	     			-2962.8038831206063
0.2731663326653307	     			-2962.8061736802765
0.2741482965931864	     			-2962.808477162238
0.2751302605210421	     			-2962.8107934740838
0.2761122244488978	     			-2962.8131225243956
0.27709418837675354	     			-2962.8154642227273
0.27807615230460925	     			-2962.8178184795934
0.27905811623246496	     			-2962.8201852064544
0.28004008016032067	     			-2962.8225643157048
0.2810220440881764	     			-2962.8249557206577
0.2820040080160321	     			-2962.827359335534
0.2829859719438878	     			-2962.829775075449
0.2839679358717435	     			-2962.8322028564007
0.2849498997995992	     			-2962.8346425952564
0.28593186372745494	     			-2962.8370942097413
0.28691382765531065	     			-2962.8395576184266
0.28789579158316636	     			-2962.8420327407193
0.28887775551102207	     			-2962.844519496849
0.2898597194388778	     			-2962.8470178078564
0.2908416833667335	     			-2962.849527595585
0.2918236472945892	     			-2962.852048782668
0.2928056112224449	     			-2962.8545812925177
0.29378757515030063	     			-2962.8571250493164
0.29476953907815634	     			-2962.859679978005
0.29575150300601205	     			-2962.862246004273
0.29673346693386776	     			-2962.8648230545496
0.2977154308617235	     			-2962.867411055993
0.2986973947895792	     			-2962.8700099364805
0.2996793587174349	     			-2962.8726196246
0.3006613226452906	     			-2962.87524004964
0.3016432865731463	     			-2962.8778711415807
0.30262525050100203	     			-2962.8805128310855
0.30360721442885774	     			-2962.883165049491
0.30458917835671345	     			-2962.885827728799
0.30557114228456916	     			-2962.8885008016687
0.3065531062124249	     			-2962.8911842014063
0.3075350701402806	     			-2962.8938778619595
0.3085170340681363	     			-2962.8965817179055
0.309498997995992	     			-2962.899295704447
0.3104809619238477	     			-2962.902019757402
0.31146292585170343	     			-2962.9047538131963
0.31244488977955914	     			-2962.907497808856
0.31342685370741485	     			-2962.9102516820003
0.31440881763527057	     			-2962.913015370834
0.3153907815631263	     			-2962.915788814139
0.316372745490982	     			-2962.9185719512693
0.3173547094188377	     			-2962.9213647221422
0.3183366733466934	     			-2962.924167067232
0.3193186372745491	     			-2962.9269789275622
0.32030060120240483	     			-2962.929800244701
0.32128256513026054	     			-2962.9326309607522
0.32226452905811626	     			-2962.9354710183497
0.32324649298597197	     			-2962.9383203606517
0.3242284569138277	     			-2962.9411789313326
0.3252104208416834	     			-2962.944046674579
0.3261923847695391	     			-2962.9469235350807
0.3271743486973948	     			-2962.949809458028
0.3281563126252505	     			-2962.9527043891035
0.32913827655310623	     			-2962.9556082744753
0.33012024048096195	     			-2962.958521060794
0.33110220440881766	     			-2962.9614426951857
0.33208416833667337	     			-2962.9643731252454
0.3330661322645291	     			-2962.967312299033
0.3340480961923848	     			-2962.9702601650665
0.3350300601202405	     			-2962.9732166723174
0.3360120240480962	     			-2962.976181770206
0.3369939879759519	     			-2962.979155408594
0.33797595190380764	     			-2962.9821375377824
0.33895791583166335	     			-2962.985128108503
0.33993987975951906	     			-2962.9881270719166
0.34092184368737477	     			-2962.991134379606
0.3419038076152305	     			-2962.994149983572
0.3428857715430862	     			-2962.9971738362274
0.3438677354709419	     			-2963.000205890395
0.3448496993987976	     			-2963.0032460993
0.3458316633266533	     			-2963.0062944165675
0.34681362725450904	     			-2963.0093507962156
0.34779559118236475	     			-2963.0124151926534
0.34877755511022046	     			-2963.015487560676
0.34975951903807617	     			-2963.018567855459
0.3507414829659319	     			-2963.021656032555
0.3517234468937876	     			-2963.02475204789
0.3527054108216433	     			-2963.027855857759
0.353687374749499	     			-2963.0309674188197
0.35466933867735473	     			-2963.034086688092
0.35565130260521044	     			-2963.037213622952
0.35663326653306615	     			-2963.0403481811277
0.35761523046092186	     			-2963.0434903206965
0.3585971943887776	     			-2963.0466400000805
0.3595791583166333	     			-2963.0497971780424
0.360561122244489	     			-2963.052961813683
0.3615430861723447	     			-2963.0561338664365
0.3625250501002004	     			-2963.059313296067
0.36350701402805613	     			-2963.0625000626655
0.36448897795591184	     			-2963.0656941266457
0.36547094188376755	     			-2963.068895448741
0.36645290581162326	     			-2963.0721039900004
0.367434869739479	     			-2963.0753197117865
0.3684168336673347	     			-2963.078542575771
0.3693987975951904	     			-2963.08177254393
0.3703807615230461	     			-2963.0850095785454
0.3713627254509018	     			-2963.088253642197
0.37234468937875753	     			-2963.09150469776
0.37332665330661324	     			-2963.094762708405
0.37430861723446895	     			-2963.098027637592
0.37529058116232467	     			-2963.101299449069
0.3762725450901804	     			-2963.1045781068656
0.3772545090180361	     			-2963.107863575295
0.3782364729458918	     			-2963.111155818949
0.3792184368737475	     			-2963.1144548026937
0.3802004008016032	     			-2963.1177604916675
0.38118236472945893	     			-2963.121072851279
0.38216432865731464	     			-2963.1243918472046
0.38314629258517036	     			-2963.127717445384
0.38412825651302607	     			-2963.131049612018
0.3851102204408818	     			-2963.1343883135683
0.3860921843687375	     			-2963.13773351675
0.38707414829659326	     			-2963.1410851885344
0.38805611222444897	     			-2963.1444432961425
0.3890380761523047	     			-2963.1478078070436
0.3900200400801604	     			-2963.151178688954
0.3910020040080161	     			-2963.1545559098336
0.3919839679358718	     			-2963.157939437882
0.3929659318637275	     			-2963.161329241538
0.39394789579158324	     			-2963.164725289478
0.39492985971943895	     			-2963.168127550611
0.39591182364729466	     			-2963.1715359940786
0.39689378757515037	     			-2963.17495058925
0.3978757515030061	     			-2963.1783713057234
0.3988577154308618	     			-2963.1817981133213
0.3998396793587175	     			-2963.185230982088
0.4008216432865732	     			-2963.1886698822887
0.4018036072144289	     			-2963.192114784407
0.40278557114228464	     			-2963.195565659143
0.40376753507014035	     			-2963.1990224774104
0.40474949899799606	     			-2963.202485210335
0.40573146292585177	     			-2963.2059538292515
0.4067134268537075	     			-2963.2094283057045
0.4076953907815632	     			-2963.212908611443
0.4086773547094189	     			-2963.2163947184195
0.4096593186372746	     			-2963.21988659879
0.41064128256513033	     			-2963.2233842249093
0.41162324649298604	     			-2963.2268875693308
0.41260521042084175	     			-2963.2303966048034
0.41358717434869746	     			-2963.2339113042717
0.4145691382765532	     			-2963.2374316408714
0.4155511022044089	     			-2963.2409575879296
0.4165330661322646	     			-2963.244489118962
0.4175150300601203	     			-2963.2480262076715
0.418496993987976	     			-2963.2515688279464
0.41947895791583173	     			-2963.2551169538583
0.42046092184368744	     			-2963.2586705596605
0.42144288577154315	     			-2963.262229619788
0.42242484969939886	     			-2963.265794108852
0.4234068136272546	     			-2963.269364001642
0.4243887775551103	     			-2963.272939273122
0.425370741482966	     			-2963.276519898431
0.4263527054108217	     			-2963.2801058528785
0.4273346693386774	     			-2963.2836971119445
0.42831663326653313	     			-2963.2872936512786
0.42929859719438884	     			-2963.290895446697
0.43028056112224455	     			-2963.294502474182
0.43126252505010026	     			-2963.29811470988
0.432244488977956	     			-2963.3017321301004
0.4332264529058117	     			-2963.305354711314
0.4342084168336674	     			-2963.3089824301505
0.4351903807615231	     			-2963.312615263399
0.4361723446893788	     			-2963.3162531880052
0.43715430861723453	     			-2963.31989618107
0.43813627254509024	     			-2963.323544219849
0.43911823647294596	     			-2963.32719728175
0.44010020040080167	     			-2963.3308553443326
0.4410821643286574	     			-2963.3345183853066
0.4420641282565131	     			-2963.33818638253
0.4430460921843688	     			-2963.341859314008
0.4440280561122245	     			-2963.3455371578934
0.4450100200400802	     			-2963.3492198924814
0.44599198396793593	     			-2963.352907496213
0.44697394789579165	     			-2963.3565999476696
0.44795591182364736	     			-2963.3602972255753
0.44893787575150307	     			-2963.3639993087927
0.4499198396793588	     			-2963.3677061763233
0.4509018036072145	     			-2963.371417807306
0.4518837675350702	     			-2963.375134181016
0.4528657314629259	     			-2963.3788552768638
0.4538476953907816	     			-2963.382581074392
0.45482965931863734	     			-2963.386311553278
0.45581162324649305	     			-2963.39004669333
0.45679358717434876	     			-2963.3937864744858
0.45777555110220447	     			-2963.3975308768127
0.4587575150300602	     			-2963.4012798805065
0.4597394789579159	     			-2963.4050334658905
0.4607214428857716	     			-2963.4087916134126
0.4617034068136273	     			-2963.4125543036466
0.462685370741483	     			-2963.4163215172903
0.46366733466933874	     			-2963.4200932351637
0.46464929859719445	     			-2963.423869438208
0.46563126252505016	     			-2963.4276501074864
0.46661322645290587	     			-2963.431435224181
0.4675951903807616	     			-2963.435224769593
0.4685771543086173	     			-2963.43901872514
0.469559118236473	     			-2963.4428170723586
0.4705410821643287	     			-2963.446619792899
0.47152304609218443	     			-2963.4504268685278
0.47250501002004014	     			-2963.4542382811233
0.47348697394789585	     			-2963.458054012679
0.47446893787575156	     			-2963.4618740452993
0.4754509018036073	     			-2963.4656983611985
0.476432865731463	     			-2963.4695269427034
0.4774148296593187	     			-2963.473359772248
0.4783967935871744	     			-2963.477196832375
0.4793787575150301	     			-2963.4810381057346
0.48036072144288583	     			-2963.484883575084
0.48134268537074154	     			-2963.4887332232856
0.48232464929859725	     			-2963.4925870333063
0.48330661322645296	     			-2963.4964449882177
0.4842885771543087	     			-2963.5003070711937
0.4852705410821644	     			-2963.504173265511
0.4862525050100201	     			-2963.508043554547
0.4872344689378758	     			-2963.5119179217804
0.4882164328657315	     			-2963.5157963507895
0.48919839679358723	     			-2963.519678825252
0.49018036072144294	     			-2963.523565328943
0.49116232464929865	     			-2963.527455845735
0.49214428857715437	     			-2963.5313503595976
0.4931262525050101	     			-2963.535248854597
0.4941082164328658	     			-2963.5391513148925
0.4950901803607215	     			-2963.54305772474
0.4960721442885772	     			-2963.546968068487
0.4970541082164329	     			-2963.550882330575
0.49803607214428863	     			-2963.554800495537
0.49901803607214434	     			-2963.558722547999
0.5	     			-2963.5626484726754
